# Generate the Convolution of a Spectrum

def Convolution(s):
    l=[]
    
    for a in s:
        for b in s:
            if a-b>0:
                l.append(a-b)
                
    for i in range (len(l)):
        l[i]=str(l[i])
        
    l.sort()
    return " ".join(l)
  
unos="307 101 608 1458 1139 2076 1222 544 1832 1676 709 1123 1525 1221 1860 1828 644 1555 57 1123 1428 725 709 1218 2003 955 848 1979 1664 1490 848 329 1260 1874 394 596 1226 483 1234 1250 1175 1547 402 683 344 1163 2086 1874 1973 1464 1565 925 1692 345 1192 1278 1095 1278 1690 271 103 1248 838 240 949 1022 2173 1715 1147 232 2036 975 186 681 713 782 1629 1078 1779 947 1391 682 998 454 198 1947 545 1634 1658 1628 618 515 1735 1628 202 1377 707 369 137 652 539 1866 2036 1426 1577 884 848 1046 301 137 1137 1325 1492 0 1448 913 103 947 895 796 952 545 951 114 567 2060 981 303 1872 1036 1226 1836 1010 1325 1125 1606 612 1151 1084 430 826 1327 380 113 402 595 1347 410 1765 1289 482 1335 511 539 1634 2072 440 818 551 1224 1363 1571 1719 1829 238 509 113 1147 648 1735 648 796 1460 1355 2060 602 947 438 499 1870 1491 781 1264 751 1458 1024 2070 412 1787 838 511 796 481 610 200 1363 1149 313 747 810 1763 1933 289 170 1907 1844 2116 909 97 297 1127 1363 1733 1957 1321 1973 1933 243 1050 1684 1973 299 1822 1226 852 1276 681 240 1578 1034 226 810 1355 1804 113 1434 2070 1743 1973 1505 1987 507 1658 1089 1971 1793 1793 2036 1032 351 1466 1521 1836 945 1662 200 1325 1329 230 810 101 1941 1930 441 458 1198 846 818 2076 1012 1943 596 137 438 1561 408 745 2060 781 129 1161 1884 386 1462 1026 1563 1959 1464 739 266 895 200 626 87 129 1662 341 1026 745 1228 1922 1141 200 711 99 612 1335 337 709 337 1428 1392 1422 497 1902 214 578 1846 299 2070 194 1525 1392 97 1771 1765 1254 2044 1622 408 2072 1048 1084 939 844 103 608 919 1529 668 897 489 1492 923 1674 1771 2059 909 2074 1732 251 1048 1563 1464 1264 1377 515 2044 1050 1666 1561 610 715 1577 1876 715 1125 380 327 1377 1935 103 416 1691 1565 1761 216 1757 1089 2070 1975 1595"
unos=unos.split(" ")
unos=[int(br) for br in unos]

print(Convolution(unos))
